0
0.019190724088973
23.4807817823284
0.563073784427066
the:2544
to:1670
and:896
I:827
of:826
a:708
that:675
you:563
is:559
for:515
in:509
have:462
be:430
with:321
\:274
if:271
Please:261
me:260
not:250
as:250
it:234
we:230
will:228
this:221
The:220
your:219
on:211
by:205
s:201
contract:194
