0
0.0120386958079541
17.9461354175271
0.646675358539765
the:644
to:517
I:474
you:350
that:239
this:227
a:226
and:223
on:217
in:206
of:201
for:186
is:184
have:152
will:140
me:138
we:117
be:113
get:110
Chris:99
your:92
not:87
are:81
at:78
with:74
it:72
my:69
an:65
Thanks:65
w:65
