0
0.0318578171535476
28.8191817810713
0.824700460829493
the:3732
and:2647
to:2615
\:2329
of:1842
in:1377
Enron:1338
for:1142
a:1117
will:1007
at:859
is:831
you:780
on:772
s:739
be:645
are:574
with:548
your:528
that:517
The:494
have:479
as:444
this:436
our:411
or:398
from:381
has:340
by:317
we:315
