2
0.00905168767447762
20.1678526543337
0.620052770448549
the:1112
to:781
I:608
D:491
for:363
and:339
you:335
a:320
on:318
have:292
in:271
this:270
is:260
of:246
deal:238
that:229
be:226
we:220
with:203
will:193
at:154
\:151
HOU:134
me:131
The:129
need:127
should:127
it:124
ECT@ECT:118
t:117
