0
0.00941831929428931
18.0075826187261
0.334087822544138
the:1225
to:1094
I:960
you:743
Ben:699
and:656
a:527
is:523
for:439
of:367
that:318
me:313
in:303
have:296
Here:293
this:289
Thanks:277
with:277
are:275
on:259
be:227
will:223
if:200
know:193
it:181
your:181
s:175
questions:173
at:170
going:136
