130
0.0246006976317239
22.8065199865107
0.773561811505508
the:1486
to:1054
and:920
I:693
a:628
Delainey:576
Regards:536
of:491
in:477
you:393
on:370
is:369
for:363
that:360
we:356
this:356
be:285
with:278
have:272
would:237
your:209
are:205
will:205
it:163
not:156
\:148
can:145
as:142
or:141
our:139
