0
0.0171422909235038
18.1467162195291
0.331473214285714
to:399
the:358
and:220
I:170
will:167
DS:134
for:129
be:124
is:113
we:113
you:113
\:111
on:105
have:93
a:92
ds:91
TW:88
S:84
this:83
ET:82
with:81
in:72
Enron@ENRON:69
We:68
Thanks:68
San:67
Juan:67
of:65
need:64
know:60
