642
0.0152977074055748
20.4455726633077
0.280981595092025
to:952
the:898
I:655
and:562
a:484
you:395
of:391
BT:387
that:374
this:329
is:313
on:288
for:277
we:269
in:262
will:254
have:237
with:216
are:200
be:195
as:157
me:153
not:137
s:133
can:126
it:122
if:117
would:116
get:113
my:106
