0
0.0124618573990822
20.7193146661016
0.484020759355367
the:1830
to:1251
and:964
a:692
I:686
in:676
for:645
of:586
be:557
\:526
on:518
you:508
is:477
will:472
Bill:440
have:419
at:394
this:387
with:368
we:322
Thanks:322
We:319
are:307
me:297
from:268
HE:250
or:241
that:227
as:218
our:213
