0
0.0128598040983114
20.4108527131783
0.446415897799858
I:654
the:598
to:482
DG:407
you:329
and:249
a:246
in:240
is:198
of:197
have:194
for:184
on:165
Thanks:146
me:146
will:138
this:137
it:125
be:124
know:121
are:118
t:112
if:99
We:96
that:95
we:94
need:82
but:79
was:78
not:74
