642
0.0402977278662836
0.526374135952994
0.00195285255963175
request:2100
this:1313
enron:1178
asp:1177
com:1177
itcapps:1177
emailLink:1177
srrs:1177
auth:1177
http:1177
corp:1177
Page:1177
ID:1177
and:1091
to:956
Please:952
review:952
click:952
act:952
upon:952
Approval:952
been:816
has:816
for:700
You:693
the:634
you:607
This:600
days:591
approval:591
