256
0.0152622753235864
17.9092075753667
0.243097429387496
the:3060
to:2867
I:1853
that:1679
and:1567
you:1280
of:1264
Carol:1192
a:1073
is:1017
with:873
we:870
in:817
this:715
for:672
on:656
have:655
be:637
St:618
EB:607
Fax:606
Phone:605
Clair:604
carol:563
will:528
are:522
st:504
com:496
clair@enron:490
me:489
