512
0.0106437267624116
22.7733602838122
0.204158004158004
I:1277
to:963
the:784
you:621
Chris:566
a:556
and:505
in:371
is:348
for:327
of:293
on:283
me:266
my:244
have:235
it:230
that:229
t:215
am:205
be:181
Thanx:181
going:181
this:166
are:165
s:161
get:154
at:146
with:133
know:132
will:130
