514
0.0167938535015314
22.6156036791438
0.316510454217736
the:1596
to:1411
Jim:989
I:736
that:672
and:612
is:578
a:542
of:475
on:463
this:459
\:446
we:445
in:411
with:407
for:404
you:349
be:291
Thanks:266
have:256
our:247
t:225
are:218
s:217
will:183
if:180
at:172
not:167
me:159
need:156
