130
0.0130273330492482
25.5794539481962
0.410520071188452
the:4417
I:3992
to:3571
and:2130
you:1822
a:1726
for:1680
is:1502
on:1419
of:1278
this:1119
in:1021
have:937
at:873
we:858
deal:836
that:813
are:792
it:786
be:776
me:764
with:757
will:714
s:705
t:643
my:589
from:557
m:553
know:515
not:491
