130
0.0113681532713252
26.6860108508776
0.250227479526843
to:394
the:325
you:309
i:264
I:215
a:208
and:202
that:142
it:137
is:131
we:124
for:122
of:120
on:115
in:112
have:108
me:94
be:92
s:90
this:83
if:79
with:78
my:76
your:72
can:69
but:68
was:65
at:61
do:61
would:58
