512
0.0300566284303761
21.0753486541608
0.659619450317125
the:359
to:207
and:157
a:120
of:116
for:100
I:94
in:82
with:77
that:75
Tracy:64
you:63
credit:62
on:60
is:54
Please:50
as:47
have:46
any:44
EPMI:37
s:37
will:35
from:34
this:34
are:32
ISDA:31
we:31
Regards:30
questions:30
financial:30
