642
0.0228489825062478
23.613501000264
0.453068592057762
the:1177
to:966
and:602
of:555
a:463
\:457
that:453
I:399
in:397
for:319
is:308
have:288
on:287
will:285
this:264
we:247
with:227
be:226
are:221
you:206
it:175
s:148
our:141
from:138
The:133
We:126
or:126
at:116
people:115
me:111
