642
0.0239326057821176
11.8997664637434
0.129094412331407
to:204
the:198
in:184
will:110
you:83
Louise:79
of:78
be:74
and:69
I:67
for:65
Tammie:56
office:53
Kitchen:50
Enron:50
Americas:48
have:48
a:48
meeting:48
on:47
m:46
Office:46
fax:46
Assistant:46
Schoppe:45
Chair:45
mobile:45
from:41
it:40
with:40
