0
0.0124040165386887
15.0981301544353
0.403189066059226
I:187
the:166
to:160
you:147
and:107
Theresa:96
for:89
have:79
me:74
Thanks:66
is:64
this:58
it:56
know:55
on:54
if:52
ll:44
in:44
be:44
we:43
a:43
any:41
of:36
get:36
t:34
s:33
will:32
our:30
questions:30
let:29
