130
0.0196592398427261
18.0344844058559
0.404761904761905
the:230
to:190
is:169
a:165
for:103
of:97
and:91
I:89
you:85
in:81
that:77
have:75
Please:75
Attached:74
me:63
letter:59
\:57
at:57
be:57
this:56
call:51
with:50
will:48
any:48
The:48
draft:44
on:42
regarding:41
Enron:41
your:37
