130
0.0237707587105177
20.5137557658612
0.614100185528757
the:456
to:308
a:164
is:161
I:159
of:145
we:139
and:124
have:123
for:112
that:110
you:95
be:90
not:84
with:84
are:83
on:77
it:76
as:72
this:72
in:72
Tanya:69
Thanks:67
if:59
will:55
Please:51
ENA:51
ISDA:50
\:46
me:46
