130
0.0221056824216676
19.8638555230359
0.706043956043956
the:770
to:550
of:362
and:302
that:300
a:262
is:212
in:202
we:199
I:182
for:163
Enron:157
have:153
on:139
with:132
you:131
be:128
it:121
are:119
will:115
this:110
or:94
as:89
any:81
not:76
Corp:74
but:74
s:74
Kiodex:71
America:67
