514
0.0202492211838006
19.2739231125771
0.412556053811659
the:128
to:120
and:72
I:72
of:62
will:49
for:44
a:42
be:42
you:36
we:36
in:35
have:34
is:32
Teb:24
We:23
on:22
this:22
\:21
all:21
s:20
are:19
at:19
not:18
our:18
your:17
can:16
that:16
with:16
from:16
