642
0.0214770158251696
14.9077039909518
0.493670886075949
the:93
for:92
to:76
of:70
and:62
TK:55
I:42
mmbtu:40
Please:38
is:35
find:35
attached:35
at:31
on:28
from:27
will:24
confirmation:24
s:23
a:23
day:22
TW:21
this:21
through:19
have:19
Thanks:17
be:16
with:16
Gas:16
you:16
in:15
